test_LSTM_ETTm1_ftM_sl96_ll48_pl96_dm512_nh8_el2_dl1_df2048_fc1_ebtimeF_dtTrue_test_0  
mse:0.9216333031654358, mae:0.7653536796569824, rse:0.9118784070014954, corr:[0.24985589 0.23340361 0.23087402 0.2258172  0.22183275 0.22312543
 0.2136227  0.21973047 0.2127716  0.21302168 0.2130874  0.21459359
 0.2167561  0.22320461 0.2076147  0.21476637 0.21304515 0.21345326
 0.21359405 0.22370633 0.2220428  0.23673818 0.22487636 0.22402474
 0.21080963 0.20806278 0.20864919 0.20269382 0.19184068 0.2013836
 0.20161453 0.20748849 0.20811374 0.20497577 0.20635295 0.20149532
 0.20498879 0.20361675 0.20868154 0.19396697 0.1931781  0.20465557
 0.21249406 0.20948154 0.21042906 0.22847445 0.22121587 0.2126552
 0.21027006 0.2065701  0.20040357 0.19277875 0.19317351 0.18895203
 0.1840627  0.18888159 0.19881865 0.19316854 0.19344501 0.19884917
 0.1956424  0.18920098 0.18748194 0.19036981 0.19395937 0.19070779
 0.20052631 0.20447482 0.21630861 0.21555842 0.20535116 0.20146786
 0.20356487 0.18855321 0.2023656  0.19264841 0.18615794 0.19124776
 0.1764525  0.19533917 0.1871687  0.19126642 0.19063167 0.19091205
 0.18528843 0.18398546 0.17971578 0.17314038 0.17321172 0.18460324
 0.19634777 0.19788514 0.1988389  0.20661879 0.20152834 0.19997743]

test_GRU_ETTm1_ftM_sl96_ll48_pl96_dm512_nh8_el2_dl1_df2048_fc1_ebtimeF_dtTrue_test_0  
mse:0.8447427749633789, mae:0.7241493463516235, rse:0.8730117082595825, corr:[0.2714397  0.26293528 0.24993551 0.24549577 0.24194051 0.23375227
 0.22351462 0.2250173  0.22782123 0.23048054 0.22930032 0.2356876
 0.23923267 0.24216989 0.24287099 0.23691463 0.24133058 0.24413049
 0.2494229  0.2470167  0.2429008  0.24959818 0.24292223 0.24558017
 0.23961954 0.23646007 0.22865327 0.2179314  0.21768655 0.22499683
 0.21796522 0.22320293 0.22708607 0.2234308  0.22852996 0.22612575
 0.23482357 0.2382236  0.23441018 0.23146582 0.23634309 0.23771547
 0.24612756 0.2509157  0.24706277 0.24913497 0.25111553 0.25229
 0.24183904 0.23620874 0.23043166 0.22842023 0.22577494 0.22865197
 0.21853235 0.22017501 0.2162573  0.22169803 0.2251816  0.2223356
 0.23139937 0.22780636 0.22900467 0.22278553 0.23184586 0.23485367
 0.24167408 0.24481982 0.24721827 0.2472121  0.2421972  0.24709429
 0.23673443 0.21976118 0.22447254 0.22205417 0.21931413 0.21619242
 0.21582882 0.21771489 0.2169102  0.2162211  0.21882248 0.21650937
 0.22955121 0.22416063 0.2243515  0.2255559  0.22281498 0.22509569
 0.23186849 0.23394197 0.2405837  0.24383989 0.2400632  0.23728113]

test_GRU_ETTm1_ftM_sl96_ll48_pl96_dm512_nh8_el2_dl1_df2048_fc1_ebtimeF_dtTrue_test_0  
mse:0.8370017409324646, mae:0.7156018614768982, rse:0.8690025210380554, corr:[0.27192605 0.26116404 0.25451264 0.24616282 0.24320333 0.23744586
 0.22911191 0.22392307 0.2293926  0.22738011 0.22910886 0.2291157
 0.23086046 0.22752757 0.23823431 0.22630051 0.23455851 0.234105
 0.23537533 0.24402496 0.24508755 0.24728502 0.25838348 0.2514206
 0.23865792 0.23652455 0.22843003 0.21915978 0.22122118 0.21897022
 0.22343063 0.2122391  0.22112064 0.21982267 0.22075108 0.22245638
 0.23392904 0.2253539  0.22262104 0.2263327  0.23101747 0.22667934
 0.23661031 0.23780169 0.25245166 0.25633085 0.256142   0.25606057
 0.24987659 0.24055995 0.224294   0.21615222 0.22364026 0.21943133
 0.21487851 0.21205446 0.22065286 0.21468416 0.22577581 0.22553799
 0.22024423 0.22309214 0.22746478 0.21883494 0.23286451 0.22893742
 0.22996394 0.22878371 0.24545924 0.2486494  0.24297555 0.25214875
 0.23171838 0.21247558 0.21250153 0.21160299 0.21150127 0.2147386
 0.21830064 0.20648779 0.212395   0.21390106 0.21327475 0.22005275
 0.21695036 0.21834809 0.214338   0.21008562 0.21410185 0.2182605
 0.22534905 0.2306119  0.23730846 0.24240194 0.24712597 0.24240316]

test_GRU_ETTm1_ftS_sl96_ll48_pl96_dm512_nh8_el2_dl1_df2048_fc1_ebtimeF_dtTrue_test_0  
mse:0.19407430291175842, mae:0.3769136965274811, rse:1.3038973808288574, corr:[0.3010196  0.29999125 0.29889718 0.2977106  0.29663277 0.29551715
 0.29443648 0.29328823 0.29239193 0.29099995 0.29003844 0.28919968
 0.28806725 0.2873084  0.2865302  0.28563163 0.2849489  0.28427124
 0.28383794 0.28317425 0.28292048 0.2820067  0.28177226 0.28134367
 0.2807237  0.2803841  0.28020585 0.27945992 0.27930036 0.27889892
 0.2783325  0.27843812 0.27809927 0.27776867 0.2773629  0.27718732
 0.27685773 0.27672023 0.27605954 0.27593085 0.27574173 0.27560794
 0.27517602 0.27516276 0.27500492 0.2746286  0.2747915  0.27457017
 0.2741921  0.2738789  0.27380845 0.27365485 0.27307746 0.27258968
 0.27214473 0.27161255 0.2713612  0.27106956 0.27059957 0.27021042
 0.2698103  0.2692061  0.26888916 0.26882127 0.2683839  0.26814097
 0.2679488  0.26751155 0.26726902 0.2669342  0.26674438 0.2664356
 0.26569045 0.2657056  0.2654117  0.26501715 0.26464346 0.26398015
 0.26313373 0.2623274  0.26149806 0.2607474  0.25965557 0.25865594
 0.25771472 0.2570025  0.2558916  0.25542516 0.25446978 0.2531905
 0.25268215 0.25166765 0.25066173 0.24972522 0.24899475 0.2474685 ]

test_LSTM_Inpulse_hour_ftS_sl96_ll48_pl96_dm512_nh8_el2_dl1_df2048_fc1_ebtimeF_dtTrue_test_0  
mse:0.5647123456001282, mae:0.2402442842721939, rse:0.9363211393356323, corr:[0.05336772 0.05205561 0.04968296 0.04909343 0.04838247 0.0479986
 0.04596573 0.04668346 0.04492785 0.04441164 0.04504899 0.04454767
 0.04627965 0.04563962 0.04564592 0.04578199 0.04781834 0.04650638
 0.05073641 0.05184496 0.05840184 0.06139825 0.06637474 0.07144935
 0.0705756  0.07369489 0.06907861 0.07158721 0.06963471 0.06535839
 0.06587453 0.06797735 0.06952461 0.0706813  0.06871343 0.06854152
 0.06834567 0.06754628 0.06623911 0.06617446 0.06476671 0.06469826
 0.06141907 0.06180564 0.06088247 0.05978653 0.06173376 0.06165691
 0.0566732  0.0594827  0.05495569 0.05829122 0.05808207 0.05505193
 0.05872635 0.05824951 0.05506772 0.05510431 0.05507517 0.05562624
 0.05325268 0.0525667  0.05557432 0.05360566 0.05704003 0.051254
 0.05537265 0.0555402  0.05175582 0.05671502 0.04587574 0.05078715
 0.05131272 0.04412944 0.05338907 0.05224381 0.05326951 0.04475195
 0.05386216 0.04685131 0.04421543 0.04387267 0.04575245 0.04664386
 0.0410962  0.04980804 0.0455551  0.04722302 0.04681756 0.04785113
 0.04237946 0.03959818 0.03989968 0.04239922 0.03563445 0.04205326]

test_LSTM_Inpulse_hour_ftS_sl96_ll48_pl96_dm512_nh8_el2_dl1_df2048_fc1_ebtimeF_dtTrue_test_0  
mse:0.5752357244491577, mae:0.230869859457016, rse:0.9450049996376038, corr:[0.05492829 0.05360275 0.05165467 0.05009868 0.04850951 0.04771297
 0.04667544 0.0463186  0.04636777 0.04605025 0.04698226 0.04665752
 0.04895249 0.04715934 0.04774817 0.04736352 0.04759426 0.04861536
 0.0552539  0.05710966 0.06343225 0.06388885 0.07052571 0.07273827
 0.07146594 0.07382646 0.06580276 0.07001625 0.06584422 0.063293
 0.06439006 0.06417821 0.0674183  0.06505748 0.06790004 0.06727362
 0.06535136 0.0662063  0.06649313 0.06583297 0.06495482 0.06309728
 0.06290118 0.06222553 0.06132187 0.06101281 0.06027319 0.05924515
 0.05506808 0.05830544 0.05733697 0.05414341 0.05485352 0.0557339
 0.05545259 0.0508604  0.05595005 0.05289081 0.05235282 0.05247083
 0.05304669 0.04876523 0.05222455 0.05523355 0.05443408 0.05186271
 0.05346073 0.05327005 0.05246032 0.04942116 0.0474645  0.04931031
 0.04431307 0.04300434 0.04831765 0.04651371 0.04403863 0.04530952
 0.04414712 0.04154105 0.04038735 0.04341083 0.04470517 0.04418231
 0.04297261 0.04625826 0.04353418 0.04149707 0.04055382 0.03961
 0.04130786 0.03871927 0.04051464 0.03830411 0.03256809 0.03917418]

test_LSTM_Inpulse_hour_ftS_sl96_ll48_pl96_dm512_nh8_el2_dl1_df2048_fc1_ebtimeF_dtTrue_test_0  
mse:0.5626651048660278, mae:0.23475220799446106

test_LSTM_Inpulse_hour_ftS_sl96_ll48_pl24_dm512_nh8_el2_dl1_df2048_fc1_ebtimeF_dtTrue_test_0  
mse:0.35750603675842285, mae:0.18320244550704956

test_GRU_Inpulse_hour_ftS_sl96_ll48_pl24_dm512_nh8_el2_dl1_df2048_fc1_ebtimeF_dtTrue_test_0  
mse:0.3791598379611969, mae:0.18252995610237122

test_LSTM_Inpulse_hour_ftS_sl96_ll48_pl48_dm512_nh8_el2_dl1_df2048_fc1_ebtimeF_dtTrue_test_0  
mse:0.4787594974040985, mae:0.20771242678165436

test_LSTM_Inpulse_hour_ftS_sl96_ll48_pl96_dm512_nh8_el2_dl1_df2048_fc1_ebtimeF_dtTrue_test_0  
mse:0.5624961853027344, mae:0.23460227251052856

test_LSTM_Inpulse_hour_ftS_sl96_ll48_pl48_dm512_nh8_el2_dl1_df2048_fc1_ebtimeF_dtTrue_test_0  
mse:0.4786367118358612, mae:0.20705945789813995

test_LSTM_Inpulse_hour_ftS_sl96_ll48_pl96_dm512_nh8_el2_dl1_df2048_fc1_ebtimeF_dtTrue_test_0  
mse:0.5621655583381653, mae:0.23371881246566772

test_GRU_Inpulse_hour_ftS_sl96_ll48_pl48_dm512_nh8_el2_dl1_df2048_fc1_ebtimeF_dtTrue_test_0  
mse:0.48968741297721863, mae:0.20819872617721558

test_GRU_Inpulse_hour_ftS_sl96_ll48_pl96_dm512_nh8_el2_dl1_df2048_fc1_ebtimeF_dtTrue_test_0  
mse:0.5700237154960632, mae:0.23318952322006226

